100
[204700.0, 211564.51, 212768.01, 217776.67, 218271.82, 214622.15, 217088.72, 221069.67, 221369.4, 223081.34, 224834.94]
2020-07-30 21:04:17.893610
100
[204427.16, 208881.98, 208996.45, 207649.89, 203998.07, 199584.37, 193936.46, 187655.54, 180870.52, 172613.04, 164933.25]
2020-07-30 21:09:36.145625
100
[204506.48, 209177.07, 211429.47, 213010.18, 214001.59, 213956.05, 215258.03, 215581.07, 216675.23, 216984.35, 217415.25]
2020-07-31 00:55:11.185682
100
[204550.6, 209260.02, 211739.24, 213264.09, 213614.9, 214575.67, 215246.01, 216677.66, 217296.59, 217004.55, 216767.95]
2020-07-31 00:58:37.625648
100
[204521.25, 209135.09, 211627.83, 212962.83, 214511.48, 214376.85, 216161.14, 216204.22, 216564.34, 217040.07, 216755.05]
2020-07-31 01:27:26.583480
100
[204530.67, 211806.74, 214491.55, 216355.69, 218549.57, 220622.01, 220214.13, 221814.46, 221966.78, 223775.35, 225011.67]
2020-07-31 12:13:32.053656
