[ 1 31]
[ 0  2 32]
[ 1  3 33]
[ 2  4 34]
[ 3  5 35]
[ 4  6 36]
[ 5  7 37]
[ 6  8 38]
[ 7  9 39]
[ 8 10 40]
[ 9 11 41]
[10 12 42]
[11 13 43]
[12 14 44]
[13 15 45]
[14 16 46]
[15 17 47]
[16 18 48]
[17 19 49]
[18 20 50]
[19 21 51]
[20 22 52]
[21 23 53]
[22 24 54]
[23 25 55]
[24 26 56]
[25 27 57]
[26 28 58]
[27 29 59]
[28 30 60]
[29 61]
[ 0 32 62]
[ 1 31 33 63]
[ 2 32 34 64]
[ 3 33 35 65]
[ 4 34 36 66]
[ 5 35 37 67]
[ 6 36 38 68]
[ 7 37 39 69]
[ 8 38 40 70]
[ 9 39 41 71]
[10 40 42 72]
[11 41 43 73]
[12 42 44 74]
[13 43 45 75]
[14 44 46 76]
[15 45 47 77]
[16 46 48 78]
[17 47 49 79]
[18 48 50 80]
[19 49 51 81]
[20 50 52 82]
[21 51 53 83]
[22 52 54 84]
[23 53 55 85]
[24 54 56 86]
[25 55 57 87]
[26 56 58 88]
[27 57 59 89]
[28 58 60 90]
[29 59 61 91]
[30 60 92]
[31 63 93]
[32 62 64 94]
[33 63 65 95]
[34 64 66 96]
[35 65 67 97]
[36 66 68 98]
[37 67 69 99]
[ 38  68  70 100]
[ 39  69  71 101]
[ 40  70  72 102]
[ 41  71  73 103]
[ 42  72  74 104]
[ 43  73  75 105]
[ 44  74  76 106]
[ 45  75  77 107]
[ 46  76  78 108]
[ 47  77  79 109]
[ 48  78  80 110]
[ 49  79  81 111]
[ 50  80  82 112]
[ 51  81  83 113]
[ 52  82  84 114]
[ 53  83  85 115]
[ 54  84  86 116]
[ 55  85  87 117]
[ 56  86  88 118]
[ 57  87  89 119]
[ 58  88  90 120]
[ 59  89  91 121]
[ 60  90  92 122]
[ 61  91 123]
[ 62  94 124]
[ 63  93  95 125]
[ 64  94  96 126]
[ 65  95  97 127]
[ 66  96  98 128]
[ 67  97  99 129]
[ 68  98 100 130]
[ 69  99 101 131]
[ 70 100 102 132]
[ 71 101 103 133]
[ 72 102 104 134]
[ 73 103 105 135]
[ 74 104 106 136]
[ 75 105 107 137]
[ 76 106 108 138]
[ 77 107 109 139]
[ 78 108 110 140]
[ 79 109 111 141]
[ 80 110 112 142]
[ 81 111 113 143]
[ 82 112 114 144]
[ 83 113 115 145]
[ 84 114 116 146]
[ 85 115 117 147]
[ 86 116 118 148]
[ 87 117 119 149]
[ 88 118 120 150]
[ 89 119 121 151]
[ 90 120 122 152]
[ 91 121 123 153]
[ 92 122 154]
[ 93 125 155]
[ 94 124 126 156]
[ 95 125 127 157]
[ 96 126 128 158]
[ 97 127 129 159]
[ 98 128 130 160]
[ 99 129 131 161]
[100 130 132 162]
[101 131 133 163]
[102 132 134 164]
[103 133 135 165]
[104 134 136 166]
[105 135 137 167]
[106 136 138 168]
[107 137 139 169]
[108 138 140 170]
[109 139 141 171]
[110 140 142 172]
[111 141 143 173]
[112 142 144 174]
[113 143 145 175]
[114 144 146 176]
[115 145 147 177]
[116 146 148 178]
[117 147 149 179]
[118 148 150 180]
[119 149 151 181]
[120 150 152 182]
[121 151 153 183]
[122 152 154 184]
[123 153 185]
[124 156 186]
[125 155 157 187]
[126 156 158 188]
[127 157 159 189]
[128 158 160 190]
[129 159 161 191]
[130 160 162 192]
[131 161 163 193]
[132 162 164 194]
[133 163 165 195]
[134 164 166 196]
[135 165 167 197]
[136 166 168 198]
[137 167 169 199]
[138 168 170 200]
[139 169 171 201]
[140 170 172 202]
[141 171 173 203]
[142 172 174 204]
[143 173 175 205]
[144 174 176 206]
[145 175 177 207]
[146 176 178 208]
[147 177 179 209]
[148 178 180 210]
[149 179 181 211]
[150 180 182 212]
[151 181 183 213]
[152 182 184 214]
[153 183 185 215]
[154 184 216]
[155 187 217]
[156 186 188 218]
[157 187 189 219]
[158 188 190 220]
[159 189 191 221]
[160 190 192 222]
[161 191 193 223]
[162 192 194 224]
[163 193 195 225]
[164 194 196 226]
[165 195 197 227]
[166 196 198 228]
[167 197 199 229]
[168 198 200 230]
[169 199 201 231]
[170 200 202 232]
[171 201 203 233]
[172 202 204 234]
[173 203 205 235]
[174 204 206 236]
[175 205 207 237]
[176 206 208 238]
[177 207 209 239]
[178 208 210 240]
[179 209 211 241]
[180 210 212 242]
[181 211 213 243]
[182 212 214 244]
[183 213 215 245]
[184 214 216 246]
[185 215 247]
[186 218 248]
[187 217 219 249]
[188 218 220 250]
[189 219 221 251]
[190 220 222 252]
[191 221 223 253]
[192 222 224 254]
[193 223 225 255]
[194 224 226 256]
[195 225 227 257]
[196 226 228 258]
[197 227 229 259]
[198 228 230 260]
[199 229 231 261]
[200 230 232 262]
[201 231 233 263]
[202 232 234 264]
[203 233 235 265]
[204 234 236 266]
[205 235 237 267]
[206 236 238 268]
[207 237 239 269]
[208 238 240 270]
[209 239 241 271]
[210 240 242 272]
[211 241 243 273]
[212 242 244 274]
[213 243 245 275]
[214 244 246 276]
[215 245 247 277]
[216 246 278]
[217 249 279]
[218 248 250 280]
[219 249 251 281]
[220 250 252 282]
[221 251 253 283]
[222 252 254 284]
[223 253 255 285]
[224 254 256 286]
[225 255 257 287]
[226 256 258 288]
[227 257 259 289]
[228 258 260 290]
[229 259 261 291]
[230 260 262 292]
[231 261 263 293]
[232 262 264 294]
[233 263 265 295]
[234 264 266 296]
[235 265 267 297]
[236 266 268 298]
[237 267 269 299]
[238 268 270 300]
[239 269 271 301]
[240 270 272 302]
[241 271 273 303]
[242 272 274 304]
[243 273 275 305]
[244 274 276 306]
[245 275 277 307]
[246 276 278 308]
[247 277 309]
[248 280 310]
[249 279 281 311]
[250 280 282 312]
[251 281 283 313]
[252 282 284 314]
[253 283 285 315]
[254 284 286 316]
[255 285 287 317]
[256 286 288 318]
[257 287 289 319]
[258 288 290 320]
[259 289 291 321]
[260 290 292 322]
[261 291 293 323]
[262 292 294 324]
[263 293 295 325]
[264 294 296 326]
[265 295 297 327]
[266 296 298 328]
[267 297 299 329]
[268 298 300 330]
[269 299 301 331]
[270 300 302 332]
[271 301 303 333]
[272 302 304 334]
[273 303 305 335]
[274 304 306 336]
[275 305 307 337]
[276 306 308 338]
[277 307 309 339]
[278 308 340]
[279 311 341]
[280 310 312 342]
[281 311 313 343]
[282 312 314 344]
[283 313 315 345]
[284 314 316 346]
[285 315 317 347]
[286 316 318 348]
[287 317 319 349]
[288 318 320 350]
[289 319 321 351]
[290 320 322 352]
[291 321 323 353]
[292 322 324 354]
[293 323 325 355]
[294 324 326 356]
[295 325 327 357]
[296 326 328 358]
[297 327 329 359]
[298 328 330 360]
[299 329 331 361]
[300 330 332 362]
[301 331 333 363]
[302 332 334 364]
[303 333 335 365]
[304 334 336 366]
[305 335 337 367]
[306 336 338 368]
[307 337 339 369]
[308 338 340 370]
[309 339 371]
[310 342 372]
[311 341 343 373]
[312 342 344 374]
[313 343 345 375]
[314 344 346 376]
[315 345 347 377]
[316 346 348 378]
[317 347 349 379]
[318 348 350 380]
[319 349 351 381]
[320 350 352 382]
[321 351 353 383]
[322 352 354 384]
[323 353 355 385]
[324 354 356 386]
[325 355 357 387]
[326 356 358 388]
[327 357 359 389]
[328 358 360 390]
[329 359 361 391]
[330 360 362 392]
[331 361 363 393]
[332 362 364 394]
[333 363 365 395]
[334 364 366 396]
[335 365 367 397]
[336 366 368 398]
[337 367 369 399]
[338 368 370 400]
[339 369 371 401]
[340 370 402]
[341 373 403]
[342 372 374 404]
[343 373 375 405]
[344 374 376 406]
[345 375 377 407]
[346 376 378 408]
[347 377 379 409]
[348 378 380 410]
[349 379 381 411]
[350 380 382 412]
[351 381 383 413]
[352 382 384 414]
[353 383 385 415]
[354 384 386 416]
[355 385 387 417]
[356 386 388 418]
[357 387 389 419]
[358 388 390 420]
[359 389 391 421]
[360 390 392 422]
[361 391 393 423]
[362 392 394 424]
[363 393 395 425]
[364 394 396 426]
[365 395 397 427]
[366 396 398 428]
[367 397 399 429]
[368 398 400 430]
[369 399 401 431]
[370 400 402 432]
[371 401 433]
[372 404 434]
[373 403 405 435]
[374 404 406 436]
[375 405 407 437]
[376 406 408 438]
[377 407 409 439]
[378 408 410 440]
[379 409 411 441]
[380 410 412 442]
[381 411 413 443]
[382 412 414 444]
[383 413 415 445]
[384 414 416 446]
[385 415 417 447]
[386 416 418 448]
[387 417 419 449]
[388 418 420 450]
[389 419 421 451]
[390 420 422 452]
[391 421 423 453]
[392 422 424 454]
[393 423 425 455]
[394 424 426 456]
[395 425 427 457]
[396 426 428 458]
[397 427 429 459]
[398 428 430 460]
[399 429 431 461]
[400 430 432 462]
[401 431 433 463]
[402 432 464]
[403 435 465]
[404 434 436 466]
[405 435 437 467]
[406 436 438 468]
[407 437 439 469]
[408 438 440 470]
[409 439 441 471]
[410 440 442 472]
[411 441 443 473]
[412 442 444 474]
[413 443 445 475]
[414 444 446 476]
[415 445 447 477]
[416 446 448 478]
[417 447 449 479]
[418 448 450 480]
[419 449 451 481]
[420 450 452 482]
[421 451 453 483]
[422 452 454 484]
[423 453 455 485]
[424 454 456 486]
[425 455 457 487]
[426 456 458 488]
[427 457 459 489]
[428 458 460 490]
[429 459 461 491]
[430 460 462 492]
[431 461 463 493]
[432 462 464 494]
[433 463 495]
[434 466 496]
[435 465 467 497]
[436 466 468 498]
[437 467 469 499]
[438 468 470 500]
[439 469 471 501]
[440 470 472 502]
[441 471 473 503]
[442 472 474 504]
[443 473 475 505]
[444 474 476 506]
[445 475 477 507]
[446 476 478 508]
[447 477 479 509]
[448 478 480 510]
[449 479 481 511]
[450 480 482 512]
[451 481 483 513]
[452 482 484 514]
[453 483 485 515]
[454 484 486 516]
[455 485 487 517]
[456 486 488 518]
[457 487 489 519]
[458 488 490 520]
[459 489 491 521]
[460 490 492 522]
[461 491 493 523]
[462 492 494 524]
[463 493 495 525]
[464 494 526]
[465 497 527]
[466 496 498 528]
[467 497 499 529]
[468 498 500 530]
[469 499 501 531]
[470 500 502 532]
[471 501 503 533]
[472 502 504 534]
[473 503 505 535]
[474 504 506 536]
[475 505 507 537]
[476 506 508 538]
[477 507 509 539]
[478 508 510 540]
[479 509 511 541]
[480 510 512 542]
[481 511 513 543]
[482 512 514 544]
[483 513 515 545]
[484 514 516 546]
[485 515 517 547]
[486 516 518 548]
[487 517 519 549]
[488 518 520 550]
[489 519 521 551]
[490 520 522 552]
[491 521 523 553]
[492 522 524 554]
[493 523 525 555]
[494 524 526 556]
[495 525 557]
[496 528 558]
[497 527 529 559]
[498 528 530 560]
[499 529 531 561]
[500 530 532 562]
[501 531 533 563]
[502 532 534 564]
[503 533 535 565]
[504 534 536 566]
[505 535 537 567]
[506 536 538 568]
[507 537 539 569]
[508 538 540 570]
[509 539 541 571]
[510 540 542 572]
[511 541 543 573]
[512 542 544 574]
[513 543 545 575]
[514 544 546 576]
[515 545 547 577]
[516 546 548 578]
[517 547 549 579]
[518 548 550 580]
[519 549 551 581]
[520 550 552 582]
[521 551 553 583]
[522 552 554 584]
[523 553 555 585]
[524 554 556 586]
[525 555 557 587]
[526 556 588]
[527 559 589]
[528 558 560 590]
[529 559 561 591]
[530 560 562 592]
[531 561 563 593]
[532 562 564 594]
[533 563 565 595]
[534 564 566 596]
[535 565 567 597]
[536 566 568 598]
[537 567 569 599]
[538 568 570 600]
[539 569 571 601]
[540 570 572 602]
[541 571 573 603]
[542 572 574 604]
[543 573 575 605]
[544 574 576 606]
[545 575 577 607]
[546 576 578 608]
[547 577 579 609]
[548 578 580 610]
[549 579 581 611]
[550 580 582 612]
[551 581 583 613]
[552 582 584 614]
[553 583 585 615]
[554 584 586 616]
[555 585 587 617]
[556 586 588 618]
[557 587 619]
[558 590 620]
[559 589 591 621]
[560 590 592 622]
[561 591 593 623]
[562 592 594 624]
[563 593 595 625]
[564 594 596 626]
[565 595 597 627]
[566 596 598 628]
[567 597 599 629]
[568 598 600 630]
[569 599 601 631]
[570 600 602 632]
[571 601 603 633]
[572 602 604 634]
[573 603 605 635]
[574 604 606 636]
[575 605 607 637]
[576 606 608 638]
[577 607 609 639]
[578 608 610 640]
[579 609 611 641]
[580 610 612 642]
[581 611 613 643]
[582 612 614 644]
[583 613 615 645]
[584 614 616 646]
[585 615 617 647]
[586 616 618 648]
[587 617 619 649]
[588 618 650]
[589 621 651]
[590 620 622 652]
[591 621 623 653]
[592 622 624 654]
[593 623 625 655]
[594 624 626 656]
[595 625 627 657]
[596 626 628 658]
[597 627 629 659]
[598 628 630 660]
[599 629 631 661]
[600 630 632 662]
[601 631 633 663]
[602 632 634 664]
[603 633 635 665]
[604 634 636 666]
[605 635 637 667]
[606 636 638 668]
[607 637 639 669]
[608 638 640 670]
[609 639 641 671]
[610 640 642 672]
[611 641 643 673]
[612 642 644 674]
[613 643 645 675]
[614 644 646 676]
[615 645 647 677]
[616 646 648 678]
[617 647 649 679]
[618 648 650 680]
[619 649 681]
[620 652 682]
[621 651 653 683]
[622 652 654 684]
[623 653 655 685]
[624 654 656 686]
[625 655 657 687]
[626 656 658 688]
[627 657 659 689]
[628 658 660 690]
[629 659 661 691]
[630 660 662 692]
[631 661 663 693]
[632 662 664 694]
[633 663 665 695]
[634 664 666 696]
[635 665 667 697]
[636 666 668 698]
[637 667 669 699]
[638 668 670 700]
[639 669 671 701]
[640 670 672 702]
[641 671 673 703]
[642 672 674 704]
[643 673 675 705]
[644 674 676 706]
[645 675 677 707]
[646 676 678 708]
[647 677 679 709]
[648 678 680 710]
[649 679 681 711]
[650 680 712]
[651 683 713]
[652 682 684 714]
[653 683 685 715]
[654 684 686 716]
[655 685 687 717]
[656 686 688 718]
[657 687 689 719]
[658 688 690 720]
[659 689 691 721]
[660 690 692 722]
[661 691 693 723]
[662 692 694 724]
[663 693 695 725]
[664 694 696 726]
[665 695 697 727]
[666 696 698 728]
[667 697 699 729]
[668 698 700 730]
[669 699 701 731]
[670 700 702 732]
[671 701 703 733]
[672 702 704 734]
[673 703 705 735]
[674 704 706 736]
[675 705 707 737]
[676 706 708 738]
[677 707 709 739]
[678 708 710 740]
[679 709 711 741]
[680 710 712 742]
[681 711 743]
[682 714 744]
[683 713 715 745]
[684 714 716 746]
[685 715 717 747]
[686 716 718 748]
[687 717 719 749]
[688 718 720 750]
[689 719 721 751]
[690 720 722 752]
[691 721 723 753]
[692 722 724 754]
[693 723 725 755]
[694 724 726 756]
[695 725 727 757]
[696 726 728 758]
[697 727 729 759]
[698 728 730 760]
[699 729 731 761]
[700 730 732 762]
[701 731 733 763]
[702 732 734 764]
[703 733 735 765]
[704 734 736 766]
[705 735 737 767]
[706 736 738 768]
[707 737 739 769]
[708 738 740 770]
[709 739 741 771]
[710 740 742 772]
[711 741 743 773]
[712 742 774]
[713 745 775]
[714 744 746 776]
[715 745 747 777]
[716 746 748 778]
[717 747 749 779]
[718 748 750 780]
[719 749 751 781]
[720 750 752 782]
[721 751 753 783]
[722 752 754 784]
[723 753 755 785]
[724 754 756 786]
[725 755 757 787]
[726 756 758 788]
[727 757 759 789]
[728 758 760 790]
[729 759 761 791]
[730 760 762 792]
[731 761 763 793]
[732 762 764 794]
[733 763 765 795]
[734 764 766 796]
[735 765 767 797]
[736 766 768 798]
[737 767 769 799]
[738 768 770 800]
[739 769 771 801]
[740 770 772 802]
[741 771 773 803]
[742 772 774 804]
[743 773 805]
[744 776 806]
[745 775 777 807]
[746 776 778 808]
[747 777 779 809]
[748 778 780 810]
[749 779 781 811]
[750 780 782 812]
[751 781 783 813]
[752 782 784 814]
[753 783 785 815]
[754 784 786 816]
[755 785 787 817]
[756 786 788 818]
[757 787 789 819]
[758 788 790 820]
[759 789 791 821]
[760 790 792 822]
[761 791 793 823]
[762 792 794 824]
[763 793 795 825]
[764 794 796 826]
[765 795 797 827]
[766 796 798 828]
[767 797 799 829]
[768 798 800 830]
[769 799 801 831]
[770 800 802 832]
[771 801 803 833]
[772 802 804 834]
[773 803 805 835]
[774 804 836]
[775 807 837]
[776 806 808 838]
[777 807 809 839]
[778 808 810 840]
[779 809 811 841]
[780 810 812 842]
[781 811 813 843]
[782 812 814 844]
[783 813 815 845]
[784 814 816 846]
[785 815 817 847]
[786 816 818 848]
[787 817 819 849]
[788 818 820 850]
[789 819 821 851]
[790 820 822 852]
[791 821 823 853]
[792 822 824 854]
[793 823 825 855]
[794 824 826 856]
[795 825 827 857]
[796 826 828 858]
[797 827 829 859]
[798 828 830 860]
[799 829 831 861]
[800 830 832 862]
[801 831 833 863]
[802 832 834 864]
[803 833 835 865]
[804 834 836 866]
[805 835 867]
[806 838 868]
[807 837 839 869]
[808 838 840 870]
[809 839 841 871]
[810 840 842 872]
[811 841 843 873]
[812 842 844 874]
[813 843 845 875]
[814 844 846 876]
[815 845 847 877]
[816 846 848 878]
[817 847 849 879]
[818 848 850 880]
[819 849 851 881]
[820 850 852 882]
[821 851 853 883]
[822 852 854 884]
[823 853 855 885]
[824 854 856 886]
[825 855 857 887]
[826 856 858 888]
[827 857 859 889]
[828 858 860 890]
[829 859 861 891]
[830 860 862 892]
[831 861 863 893]
[832 862 864 894]
[833 863 865 895]
[834 864 866 896]
[835 865 867 897]
[836 866 898]
[837 869 899]
[838 868 870 900]
[839 869 871 901]
[840 870 872 902]
[841 871 873 903]
[842 872 874 904]
[843 873 875 905]
[844 874 876 906]
[845 875 877 907]
[846 876 878 908]
[847 877 879 909]
[848 878 880 910]
[849 879 881 911]
[850 880 882 912]
[851 881 883 913]
[852 882 884 914]
[853 883 885 915]
[854 884 886 916]
[855 885 887 917]
[856 886 888 918]
[857 887 889 919]
[858 888 890 920]
[859 889 891 921]
[860 890 892 922]
[861 891 893 923]
[862 892 894 924]
[863 893 895 925]
[864 894 896 926]
[865 895 897 927]
[866 896 898 928]
[867 897 929]
[868 900 930]
[869 899 901 931]
[870 900 902 932]
[871 901 903 933]
[872 902 904 934]
[873 903 905 935]
[874 904 906 936]
[875 905 907 937]
[876 906 908 938]
[877 907 909 939]
[878 908 910 940]
[879 909 911 941]
[880 910 912 942]
[881 911 913 943]
[882 912 914 944]
[883 913 915 945]
[884 914 916 946]
[885 915 917 947]
[886 916 918 948]
[887 917 919 949]
[888 918 920 950]
[889 919 921 951]
[890 920 922 952]
[891 921 923 953]
[892 922 924 954]
[893 923 925 955]
[894 924 926 956]
[895 925 927 957]
[896 926 928 958]
[897 927 929 959]
[898 928 960]
[899 931]
[900 930 932]
[901 931 933]
[902 932 934]
[903 933 935]
[904 934 936]
[905 935 937]
[906 936 938]
[907 937 939]
[908 938 940]
[909 939 941]
[910 940 942]
[911 941 943]
[912 942 944]
[913 943 945]
[914 944 946]
[915 945 947]
[916 946 948]
[917 947 949]
[918 948 950]
[919 949 951]
[920 950 952]
[921 951 953]
[922 952 954]
[923 953 955]
[924 954 956]
[925 955 957]
[926 956 958]
[927 957 959]
[928 958 960]
[929 959]
