lbda = 1:0.01:1.8
theta_lambda=[0.004087063024307583, 0.004181944306808047, 0.004525674443667668, 0.004525674443667668 0.0049411959993436545, 0.005113381310777101, 0.005228436754824509, 0.005663638743771079, 0.005870877716950589, 0.006243993826381541, 0.006782226060370247, 0.007338120630237129, 0.00745123479081474, 0.00804266136582943, 0.00878908474516268, 0.009175823717986477, 0.010212804144549276, 0.011000310395216326, 0.01187051967465568, 0.012396249072004912, 0.013377432172669233, 0.014202933845326091, 0.015663759874500114, 0.017017833319603024, 0.01867610212591191, 0.021034363206173943, 0.02268317362296154, 0.02572489731133776, 0.02738905029566653, 0.03251586574378638, 0.03647223923061373, 0.03895854241276284, 0.04718110861284699, 0.05396328550350571, 0.06489426536361326, 0.07184690891675823, 0.08274571271927025, 0.11047028036499285, 0.1268160241635543,  0.1519159953545862, 0.1944731642163107, 0.2437025781365562, 0.28879676511938623, 0.34628999375948627, 0.43343719130560404, 0.5115604490652533, 0.5897102415359801, 0.6350006264749436, 0.6969273544740336, 0.7574960292000544, 0.7881517517152711, 0.8066506451769426, 0.8316779106504575, 0.8526400872261871, 0.8687933012235086, 0.8762961415732236, 0.8874480522784907, 0.8973706800589685, 0.9047805948506658, 0.9137506373323285, 0.9203545024478027, 0.9266770384175648, 0.9287450332015117, 0.9337191116544914, 0.9380372450225469, 0.9424102460493857, 0.9445587365625677, 0.9478927354867722, 0.9516509220480021, 0.9537536055867618, 0.9564288064896479, 0.959382453697324, 0.9608484040855778, 0.9634927566525624, 0.9654574018719495, 0.9671761426823935, 0.9689055793688874,0.9704330688327565, 0.9718682461594904, 0.9736772110032115, 0.9747012793784039]

1.7
0.9564288064896479
1.71
0.959382453697324
1.72
0.9608484040855778
1.73
0.9634927566525624
1.74
0.9654574018719495
1.75
0.9671761426823935
1.76
0.9689055793688874


1.0
0.004087063024307583
1.01
0.004181944306808047
1.02
0.004580961319119655
2020-08-01 07:37:05.209402
1.03
0.004525674443667668
2020-08-01 10:56:44.961401
1.04
0.0049411959993436545
2020-08-01 14:20:48.717396
1.05
0.005113381310777101
2020-08-01 17:51:28.509722
1.06
0.005228436754824509
2020-08-02 00:22:20.377433
1.07
0.005663638743771079
2020-08-02 04:02:46.689443
1.08
0.005870877716950589
2020-08-02 07:51:56.137469
1.09
0.006243993826381541
2020-08-02 11:45:33.689438
1.1
0.006782226060370247
2020-08-02 15:43:07.557699
1.11
0.007338120630237129
2020-08-02 19:45:32.673404
1.12
0.00745123479081474
2020-08-02 23:46:39.259119
1.1300000000000001
0.00804266136582943
2020-08-03 03:52:58.345387
1.1400000000000001
0.00878908474516268
2020-08-03 08:05:09.177469
1.1500000000000001
0.009175823717986477

