[1, 2]
[0, 3, 4]
[0, 5, 6]
[1, 7, 8]
[1, 9, 10]
[2, 11, 12]
[2, 13, 14]
[3, 15, 16]
[3, 17, 18]
[4, 19, 20]
[4, 21, 22]
[5, 23, 24]
[5, 25, 26]
[6, 27, 28]
[6, 29, 30]
[7, 31, 32]
[7, 33, 34]
[8, 35, 36]
[8, 37, 38]
[9, 39, 40]
[9, 41, 42]
[10, 43, 44]
[10, 45, 46]
[11, 47, 48]
[11, 49, 50]
[12, 51, 52]
[12, 53, 54]
[13, 55, 56]
[13, 57, 58]
[14, 59, 60]
[14, 61, 62]
[15, 63, 64]
[15, 65, 66]
[16, 67, 68]
[16, 69, 70]
[17, 71, 72]
[17, 73, 74]
[18, 75, 76]
[18, 77, 78]
[19, 79, 80]
[19, 81, 82]
[20, 83, 84]
[20, 85, 86]
[21, 87, 88]
[21, 89, 90]
[22, 91, 92]
[22, 93, 94]
[23, 95, 96]
[23, 97, 98]
[24, 99, 100]
[24, 101, 102]
[25, 103, 104]
[25, 105, 106]
[26, 107, 108]
[26, 109, 110]
[27, 111, 112]
[27, 113, 114]
[28, 115, 116]
[28, 117, 118]
[29, 119, 120]
[29, 121, 122]
[30, 123, 124]
[30, 125, 126]
[31, 127, 128]
[31, 129, 130]
[32, 131, 132]
[32, 133, 134]
[33, 135, 136]
[33, 137, 138]
[34, 139, 140]
[34, 141, 142]
[35, 143, 144]
[35, 145, 146]
[36, 147, 148]
[36, 149, 150]
[37, 151, 152]
[37, 153, 154]
[38, 155, 156]
[38, 157, 158]
[39, 159, 160]
[39, 161, 162]
[40, 163, 164]
[40, 165, 166]
[41, 167, 168]
[41, 169, 170]
[42, 171, 172]
[42, 173, 174]
[43, 175, 176]
[43, 177, 178]
[44, 179, 180]
[44, 181, 182]
[45, 183, 184]
[45, 185, 186]
[46, 187, 188]
[46, 189, 190]
[47, 191, 192]
[47, 193, 194]
[48, 195, 196]
[48, 197, 198]
[49, 199, 200]
[49, 201, 202]
[50, 203, 204]
[50, 205, 206]
[51, 207, 208]
[51, 209, 210]
[52, 211, 212]
[52, 213, 214]
[53, 215, 216]
[53, 217, 218]
[54, 219, 220]
[54, 221, 222]
[55, 223, 224]
[55, 225, 226]
[56, 227, 228]
[56, 229, 230]
[57, 231, 232]
[57, 233, 234]
[58, 235, 236]
[58, 237, 238]
[59, 239, 240]
[59, 241, 242]
[60, 243, 244]
[60, 245, 246]
[61, 247, 248]
[61, 249, 250]
[62, 251, 252]
[62, 253, 254]
[63, 255, 256]
[63, 257, 258]
[64, 259, 260]
[64, 261, 262]
[65, 263, 264]
[65, 265, 266]
[66, 267, 268]
[66, 269, 270]
[67, 271, 272]
[67, 273, 274]
[68, 275, 276]
[68, 277, 278]
[69, 279, 280]
[69, 281, 282]
[70, 283, 284]
[70, 285, 286]
[71, 287, 288]
[71, 289, 290]
[72, 291, 292]
[72, 293, 294]
[73, 295, 296]
[73, 297, 298]
[74, 299, 300]
[74, 301, 302]
[75, 303, 304]
[75, 305, 306]
[76, 307, 308]
[76, 309, 310]
[77, 311, 312]
[77, 313, 314]
[78, 315, 316]
[78, 317, 318]
[79, 319, 320]
[79, 321, 322]
[80, 323, 324]
[80, 325, 326]
[81, 327, 328]
[81, 329, 330]
[82, 331, 332]
[82, 333, 334]
[83, 335, 336]
[83, 337, 338]
[84, 339, 340]
[84, 341, 342]
[85, 343, 344]
[85, 345, 346]
[86, 347, 348]
[86, 349, 350]
[87, 351, 352]
[87, 353, 354]
[88, 355, 356]
[88, 357, 358]
[89, 359, 360]
[89, 361, 362]
[90, 363, 364]
[90, 365, 366]
[91, 367, 368]
[91, 369, 370]
[92, 371, 372]
[92, 373, 374]
[93, 375, 376]
[93, 377, 378]
[94, 379, 380]
[94, 381, 382]
[95, 383, 384]
[95, 385, 386]
[96, 387, 388]
[96, 389, 390]
[97, 391, 392]
[97, 393, 394]
[98, 395, 396]
[98, 397, 398]
[99, 399, 400]
[99, 401, 402]
[100, 403, 404]
[100, 405, 406]
[101, 407, 408]
[101, 409, 410]
[102, 411, 412]
[102, 413, 414]
[103, 415, 416]
[103, 417, 418]
[104, 419, 420]
[104, 421, 422]
[105, 423, 424]
[105, 425, 426]
[106, 427, 428]
[106, 429, 430]
[107, 431, 432]
[107, 433, 434]
[108, 435, 436]
[108, 437, 438]
[109, 439, 440]
[109, 441, 442]
[110, 443, 444]
[110, 445, 446]
[111, 447, 448]
[111, 449, 450]
[112, 451, 452]
[112, 453, 454]
[113, 455, 456]
[113, 457, 458]
[114, 459, 460]
[114, 461, 462]
[115, 463, 464]
[115, 465, 466]
[116, 467, 468]
[116, 469, 470]
[117, 471, 472]
[117, 473, 474]
[118, 475, 476]
[118, 477, 478]
[119, 479, 480]
[119, 481, 482]
[120, 483, 484]
[120, 485, 486]
[121, 487, 488]
[121, 489, 490]
[122, 491, 492]
[122, 493, 494]
[123, 495, 496]
[123, 497, 498]
[124, 499, 500]
[124, 501, 502]
[125, 503, 504]
[125, 505, 506]
[126, 507, 508]
[126, 509, 510]
[127, 511, 512]
[127, 513, 514]
[128, 515, 516]
[128, 517, 518]
[129, 519, 520]
[129, 521, 522]
[130, 523, 524]
[130, 525, 526]
[131, 527, 528]
[131, 529, 530]
[132, 531, 532]
[132, 533, 534]
[133, 535, 536]
[133, 537, 538]
[134, 539, 540]
[134, 541, 542]
[135, 543, 544]
[135, 545, 546]
[136, 547, 548]
[136, 549, 550]
[137, 551, 552]
[137, 553, 554]
[138, 555, 556]
[138, 557, 558]
[139, 559, 560]
[139, 561, 562]
[140, 563, 564]
[140, 565, 566]
[141, 567, 568]
[141, 569, 570]
[142, 571, 572]
[142, 573, 574]
[143, 575, 576]
[143, 577, 578]
[144, 579, 580]
[144, 581, 582]
[145, 583, 584]
[145, 585, 586]
[146, 587, 588]
[146, 589, 590]
[147, 591, 592]
[147, 593, 594]
[148, 595, 596]
[148, 597, 598]
[149, 599, 600]
[149, 601, 602]
[150, 603, 604]
[150, 605, 606]
[151, 607, 608]
[151, 609, 610]
[152, 611, 612]
[152, 613, 614]
[153, 615, 616]
[153, 617, 618]
[154, 619, 620]
[154, 621, 622]
[155, 623, 624]
[155, 625, 626]
[156, 627, 628]
[156, 629, 630]
[157, 631, 632]
[157, 633, 634]
[158, 635, 636]
[158, 637, 638]
[159, 639, 640]
[159, 641, 642]
[160, 643, 644]
[160, 645, 646]
[161, 647, 648]
[161, 649, 650]
[162, 651, 652]
[162, 653, 654]
[163, 655, 656]
[163, 657, 658]
[164, 659, 660]
[164, 661, 662]
[165, 663, 664]
[165, 665, 666]
[166, 667, 668]
[166, 669, 670]
[167, 671, 672]
[167, 673, 674]
[168, 675, 676]
[168, 677, 678]
[169, 679, 680]
[169, 681, 682]
[170, 683, 684]
[170, 685, 686]
[171, 687, 688]
[171, 689, 690]
[172, 691, 692]
[172, 693, 694]
[173, 695, 696]
[173, 697, 698]
[174, 699, 700]
[174, 701, 702]
[175, 703, 704]
[175, 705, 706]
[176, 707, 708]
[176, 709, 710]
[177, 711, 712]
[177, 713, 714]
[178, 715, 716]
[178, 717, 718]
[179, 719, 720]
[179, 721, 722]
[180, 723, 724]
[180, 725, 726]
[181, 727, 728]
[181, 729, 730]
[182, 731, 732]
[182, 733, 734]
[183, 735, 736]
[183, 737, 738]
[184, 739, 740]
[184, 741, 742]
[185, 743, 744]
[185, 745, 746]
[186, 747, 748]
[186, 749, 750]
[187, 751, 752]
[187, 753, 754]
[188, 755, 756]
[188, 757, 758]
[189, 759, 760]
[189, 761, 762]
[190, 763, 764]
[190, 765, 766]
[191, 767, 768]
[191, 769, 770]
[192, 771, 772]
[192, 773, 774]
[193, 775, 776]
[193, 777, 778]
[194, 779, 780]
[194, 781, 782]
[195, 783, 784]
[195, 785, 786]
[196, 787, 788]
[196, 789, 790]
[197, 791, 792]
[197, 793, 794]
[198, 795, 796]
[198, 797, 798]
[199, 799, 800]
[199, 801, 802]
[200, 803, 804]
[200, 805, 806]
[201, 807, 808]
[201, 809, 810]
[202, 811, 812]
[202, 813, 814]
[203, 815, 816]
[203, 817, 818]
[204, 819, 820]
[204, 821, 822]
[205, 823, 824]
[205, 825, 826]
[206, 827, 828]
[206, 829, 830]
[207, 831, 832]
[207, 833, 834]
[208, 835, 836]
[208, 837, 838]
[209, 839, 840]
[209, 841, 842]
[210, 843, 844]
[210, 845, 846]
[211, 847, 848]
[211, 849, 850]
[212, 851, 852]
[212, 853, 854]
[213, 855, 856]
[213, 857, 858]
[214, 859, 860]
[214, 861, 862]
[215, 863, 864]
[215, 865, 866]
[216, 867, 868]
[216, 869, 870]
[217, 871, 872]
[217, 873, 874]
[218, 875, 876]
[218, 877, 878]
[219, 879, 880]
[219, 881, 882]
[220, 883, 884]
[220, 885, 886]
[221, 887, 888]
[221, 889, 890]
[222, 891, 892]
[222, 893, 894]
[223, 895, 896]
[223, 897, 898]
[224, 899, 900]
[224, 901, 902]
[225, 903, 904]
[225, 905, 906]
[226, 907, 908]
[226, 909, 910]
[227, 911, 912]
[227, 913, 914]
[228, 915, 916]
[228, 917, 918]
[229, 919, 920]
[229, 921, 922]
[230, 923, 924]
[230, 925, 926]
[231, 927, 928]
[231, 929, 930]
[232, 931, 932]
[232, 933, 934]
[233, 935, 936]
[233, 937, 938]
[234, 939, 940]
[234, 941, 942]
[235, 943, 944]
[235, 945, 946]
[236, 947, 948]
[236, 949, 950]
[237, 951, 952]
[237, 953, 954]
[238, 955, 956]
[238, 957, 958]
[239, 959, 960]
[239, 961, 962]
[240, 963, 964]
[240, 965, 966]
[241, 967, 968]
[241, 969, 970]
[242, 971, 972]
[242, 973, 974]
[243, 975, 976]
[243, 977, 978]
[244, 979, 980]
[244, 981, 982]
[245, 983, 984]
[245, 985, 986]
[246, 987, 988]
[246, 989, 990]
[247, 991, 992]
[247, 993, 994]
[248, 995, 996]
[248, 997, 998]
[249, 999, 1000]
[249, 1001, 1002]
[250, 1003, 1004]
[250, 1005, 1006]
[251, 1007, 1008]
[251, 1009, 1010]
[252, 1011, 1012]
[252, 1013, 1014]
[253, 1015, 1016]
[253, 1017, 1018]
[254, 1019, 1020]
[254, 1021, 1022]
[255, 1023]
[255, 1023]
[256, 1024]
[256, 1024]
[257, 1025]
[257, 1025]
[258, 1026]
[258, 1026]
[259, 1027]
[259, 1027]
[260, 1028]
[260, 1028]
[261, 1029]
[261, 1029]
[262, 1030]
[262, 1030]
[263, 1031]
[263, 1031]
[264, 1032]
[264, 1032]
[265, 1033]
[265, 1033]
[266, 1034]
[266, 1034]
[267, 1035]
[267, 1035]
[268, 1036]
[268, 1036]
[269, 1037]
[269, 1037]
[270, 1038]
[270, 1038]
[271, 1039]
[271, 1039]
[272, 1040]
[272, 1040]
[273, 1041]
[273, 1041]
[274, 1042]
[274, 1042]
[275, 1043]
[275, 1043]
[276, 1044]
[276, 1044]
[277, 1045]
[277, 1045]
[278, 1046]
[278, 1046]
[279, 1047]
[279, 1047]
[280, 1048]
[280, 1048]
[281, 1049]
[281, 1049]
[282, 1050]
[282, 1050]
[283, 1051]
[283, 1051]
[284, 1052]
[284, 1052]
[285, 1053]
[285, 1053]
[286, 1054]
[286, 1054]
[287, 1055]
[287, 1055]
[288, 1056]
[288, 1056]
[289, 1057]
[289, 1057]
[290, 1058]
[290, 1058]
[291, 1059]
[291, 1059]
[292, 1060]
[292, 1060]
[293, 1061]
[293, 1061]
[294, 1062]
[294, 1062]
[295, 1063]
[295, 1063]
[296, 1064]
[296, 1064]
[297, 1065]
[297, 1065]
[298, 1066]
[298, 1066]
[299, 1067]
[299, 1067]
[300, 1068]
[300, 1068]
[301, 1069]
[301, 1069]
[302, 1070]
[302, 1070]
[303, 1071]
[303, 1071]
[304, 1072]
[304, 1072]
[305, 1073]
[305, 1073]
[306, 1074]
[306, 1074]
[307, 1075]
[307, 1075]
[308, 1076]
[308, 1076]
[309, 1077]
[309, 1077]
[310, 1078]
[310, 1078]
[311, 1079]
[311, 1079]
[312, 1080]
[312, 1080]
[313, 1081]
[313, 1081]
[314, 1082]
[314, 1082]
[315, 1083]
[315, 1083]
[316, 1084]
[316, 1084]
[317, 1085]
[317, 1085]
[318, 1086]
[318, 1086]
[319, 1087]
[319, 1087]
[320, 1088]
[320, 1088]
[321, 1089]
[321, 1089]
[322, 1090]
[322, 1090]
[323, 1091]
[323, 1091]
[324, 1092]
[324, 1092]
[325, 1093]
[325, 1093]
[326, 1094]
[326, 1094]
[327, 1095]
[327, 1095]
[328, 1096]
[328, 1096]
[329, 1097]
[329, 1097]
[330, 1098]
[330, 1098]
[331, 1099]
[331, 1099]
[332, 1100]
[332, 1100]
[333, 1101]
[333, 1101]
[334, 1102]
[334, 1102]
[335, 1103]
[335, 1103]
[336, 1104]
[336, 1104]
[337, 1105]
[337, 1105]
[338, 1106]
[338, 1106]
[339, 1107]
[339, 1107]
[340, 1108]
[340, 1108]
[341, 1109]
[341, 1109]
[342, 1110]
[342, 1110]
[343, 1111]
[343, 1111]
[344, 1112]
[344, 1112]
[345, 1113]
[345, 1113]
[346, 1114]
[346, 1114]
[347, 1115]
[347, 1115]
[348, 1116]
[348, 1116]
[349, 1117]
[349, 1117]
[350, 1118]
[350, 1118]
[351, 1119]
[351, 1119]
[352, 1120]
[352, 1120]
[353, 1121]
[353, 1121]
[354, 1122]
[354, 1122]
[355, 1123]
[355, 1123]
[356, 1124]
[356, 1124]
[357, 1125]
[357, 1125]
[358, 1126]
[358, 1126]
[359, 1127]
[359, 1127]
[360, 1128]
[360, 1128]
[361, 1129]
[361, 1129]
[362, 1130]
[362, 1130]
[363, 1131]
[363, 1131]
[364, 1132]
[364, 1132]
[365, 1133]
[365, 1133]
[366, 1134]
[366, 1134]
[367, 1135]
[367, 1135]
[368, 1136]
[368, 1136]
[369, 1137]
[369, 1137]
[370, 1138]
[370, 1138]
[371, 1139]
[371, 1139]
[372, 1140]
[372, 1140]
[373, 1141]
[373, 1141]
[374, 1142]
[374, 1142]
[375, 1143]
[375, 1143]
[376, 1144]
[376, 1144]
[377, 1145]
[377, 1145]
[378, 1146]
[378, 1146]
[379, 1147]
[379, 1147]
[380, 1148]
[380, 1148]
[381, 1149]
[381, 1149]
[382, 1150]
[382, 1150]
[383, 1151]
[383, 1151]
[384, 1152]
[384, 1152]
[385, 1153]
[385, 1153]
[386, 1154]
[386, 1154]
[387, 1155]
[387, 1155]
[388, 1156]
[388, 1156]
[389, 1157]
[389, 1157]
[390, 1158]
[390, 1158]
[391, 1159]
[391, 1159]
[392, 1160]
[392, 1160]
[393, 1161]
[393, 1161]
[394, 1162]
[394, 1162]
[395, 1163]
[395, 1163]
[396, 1164]
[396, 1164]
[397, 1165]
[397, 1165]
[398, 1166]
[398, 1166]
[399, 1167]
[399, 1167]
[400, 1168]
[400, 1168]
[401, 1169]
[401, 1169]
[402, 1170]
[402, 1170]
[403, 1171]
[403, 1171]
[404, 1172]
[404, 1172]
[405, 1173]
[405, 1173]
[406, 1174]
[406, 1174]
[407, 1175]
[407, 1175]
[408, 1176]
[408, 1176]
[409, 1177]
[409, 1177]
[410, 1178]
[410, 1178]
[411, 1179]
[411, 1179]
[412, 1180]
[412, 1180]
[413, 1181]
[413, 1181]
[414, 1182]
[414, 1182]
[415, 1183]
[415, 1183]
[416, 1184]
[416, 1184]
[417, 1185]
[417, 1185]
[418, 1186]
[418, 1186]
[419, 1187]
[419, 1187]
[420, 1188]
[420, 1188]
[421, 1189]
[421, 1189]
[422, 1190]
[422, 1190]
[423, 1191]
[423, 1191]
[424, 1192]
[424, 1192]
[425, 1193]
[425, 1193]
[426, 1194]
[426, 1194]
[427, 1195]
[427, 1195]
[428, 1196]
[428, 1196]
[429, 1197]
[429, 1197]
[430, 1198]
[430, 1198]
[431, 1199]
[431, 1199]
[432, 1200]
[432, 1200]
[433, 1201]
[433, 1201]
[434, 1202]
[434, 1202]
[435, 1203]
[435, 1203]
[436, 1204]
[436, 1204]
[437, 1205]
[437, 1205]
[438, 1206]
[438, 1206]
[439, 1207]
[439, 1207]
[440, 1208]
[440, 1208]
[441, 1209]
[441, 1209]
[442, 1210]
[442, 1210]
[443, 1211]
[443, 1211]
[444, 1212]
[444, 1212]
[445, 1213]
[445, 1213]
[446, 1214]
[446, 1214]
[447, 1215]
[447, 1215]
[448, 1216]
[448, 1216]
[449, 1217]
[449, 1217]
[450, 1218]
[450, 1218]
[451, 1219]
[451, 1219]
[452, 1220]
[452, 1220]
[453, 1221]
[453, 1221]
[454, 1222]
[454, 1222]
[455, 1223]
[455, 1223]
[456, 1224]
[456, 1224]
[457, 1225]
[457, 1225]
[458, 1226]
[458, 1226]
[459, 1227]
[459, 1227]
[460, 1228]
[460, 1228]
[461, 1229]
[461, 1229]
[462, 1230]
[462, 1230]
[463, 1231]
[463, 1231]
[464, 1232]
[464, 1232]
[465, 1233]
[465, 1233]
[466, 1234]
[466, 1234]
[467, 1235]
[467, 1235]
[468, 1236]
[468, 1236]
[469, 1237]
[469, 1237]
[470, 1238]
[470, 1238]
[471, 1239]
[471, 1239]
[472, 1240]
[472, 1240]
[473, 1241]
[473, 1241]
[474, 1242]
[474, 1242]
[475, 1243]
[475, 1243]
[476, 1244]
[476, 1244]
[477, 1245]
[477, 1245]
[478, 1246]
[478, 1246]
[479, 1247]
[479, 1247]
[480, 1248]
[480, 1248]
[481, 1249]
[481, 1249]
[482, 1250]
[482, 1250]
[483, 1251]
[483, 1251]
[484, 1252]
[484, 1252]
[485, 1253]
[485, 1253]
[486, 1254]
[486, 1254]
[487, 1255]
[487, 1255]
[488, 1256]
[488, 1256]
[489, 1257]
[489, 1257]
[490, 1258]
[490, 1258]
[491, 1259]
[491, 1259]
[492, 1260]
[492, 1260]
[493, 1261]
[493, 1261]
[494, 1262]
[494, 1262]
[495, 1263]
[495, 1263]
[496, 1264]
[496, 1264]
[497, 1265]
[497, 1265]
[498, 1266]
[498, 1266]
[499, 1267]
[499, 1267]
[500, 1268]
[500, 1268]
[501, 1269]
[501, 1269]
[502, 1270]
[502, 1270]
[503, 1271]
[503, 1271]
[504, 1272]
[504, 1272]
[505, 1273]
[505, 1273]
[506, 1274]
[506, 1274]
[507, 1275]
[507, 1275]
[508, 1276]
[508, 1276]
[509, 1277]
[509, 1277]
[510, 1278]
[510, 1278]
[511, 512, 1279]
[513, 514, 1279]
[515, 516, 1280]
[517, 518, 1280]
[519, 520, 1281]
[521, 522, 1281]
[523, 524, 1282]
[525, 526, 1282]
[527, 528, 1283]
[529, 530, 1283]
[531, 532, 1284]
[533, 534, 1284]
[535, 536, 1285]
[537, 538, 1285]
[539, 540, 1286]
[541, 542, 1286]
[543, 544, 1287]
[545, 546, 1287]
[547, 548, 1288]
[549, 550, 1288]
[551, 552, 1289]
[553, 554, 1289]
[555, 556, 1290]
[557, 558, 1290]
[559, 560, 1291]
[561, 562, 1291]
[563, 564, 1292]
[565, 566, 1292]
[567, 568, 1293]
[569, 570, 1293]
[571, 572, 1294]
[573, 574, 1294]
[575, 576, 1295]
[577, 578, 1295]
[579, 580, 1296]
[581, 582, 1296]
[583, 584, 1297]
[585, 586, 1297]
[587, 588, 1298]
[589, 590, 1298]
[591, 592, 1299]
[593, 594, 1299]
[595, 596, 1300]
[597, 598, 1300]
[599, 600, 1301]
[601, 602, 1301]
[603, 604, 1302]
[605, 606, 1302]
[607, 608, 1303]
[609, 610, 1303]
[611, 612, 1304]
[613, 614, 1304]
[615, 616, 1305]
[617, 618, 1305]
[619, 620, 1306]
[621, 622, 1306]
[623, 624, 1307]
[625, 626, 1307]
[627, 628, 1308]
[629, 630, 1308]
[631, 632, 1309]
[633, 634, 1309]
[635, 636, 1310]
[637, 638, 1310]
[639, 640, 1311]
[641, 642, 1311]
[643, 644, 1312]
[645, 646, 1312]
[647, 648, 1313]
[649, 650, 1313]
[651, 652, 1314]
[653, 654, 1314]
[655, 656, 1315]
[657, 658, 1315]
[659, 660, 1316]
[661, 662, 1316]
[663, 664, 1317]
[665, 666, 1317]
[667, 668, 1318]
[669, 670, 1318]
[671, 672, 1319]
[673, 674, 1319]
[675, 676, 1320]
[677, 678, 1320]
[679, 680, 1321]
[681, 682, 1321]
[683, 684, 1322]
[685, 686, 1322]
[687, 688, 1323]
[689, 690, 1323]
[691, 692, 1324]
[693, 694, 1324]
[695, 696, 1325]
[697, 698, 1325]
[699, 700, 1326]
[701, 702, 1326]
[703, 704, 1327]
[705, 706, 1327]
[707, 708, 1328]
[709, 710, 1328]
[711, 712, 1329]
[713, 714, 1329]
[715, 716, 1330]
[717, 718, 1330]
[719, 720, 1331]
[721, 722, 1331]
[723, 724, 1332]
[725, 726, 1332]
[727, 728, 1333]
[729, 730, 1333]
[731, 732, 1334]
[733, 734, 1334]
[735, 736, 1335]
[737, 738, 1335]
[739, 740, 1336]
[741, 742, 1336]
[743, 744, 1337]
[745, 746, 1337]
[747, 748, 1338]
[749, 750, 1338]
[751, 752, 1339]
[753, 754, 1339]
[755, 756, 1340]
[757, 758, 1340]
[759, 760, 1341]
[761, 762, 1341]
[763, 764, 1342]
[765, 766, 1342]
[767, 768, 1343]
[769, 770, 1343]
[771, 772, 1344]
[773, 774, 1344]
[775, 776, 1345]
[777, 778, 1345]
[779, 780, 1346]
[781, 782, 1346]
[783, 784, 1347]
[785, 786, 1347]
[787, 788, 1348]
[789, 790, 1348]
[791, 792, 1349]
[793, 794, 1349]
[795, 796, 1350]
[797, 798, 1350]
[799, 800, 1351]
[801, 802, 1351]
[803, 804, 1352]
[805, 806, 1352]
[807, 808, 1353]
[809, 810, 1353]
[811, 812, 1354]
[813, 814, 1354]
[815, 816, 1355]
[817, 818, 1355]
[819, 820, 1356]
[821, 822, 1356]
[823, 824, 1357]
[825, 826, 1357]
[827, 828, 1358]
[829, 830, 1358]
[831, 832, 1359]
[833, 834, 1359]
[835, 836, 1360]
[837, 838, 1360]
[839, 840, 1361]
[841, 842, 1361]
[843, 844, 1362]
[845, 846, 1362]
[847, 848, 1363]
[849, 850, 1363]
[851, 852, 1364]
[853, 854, 1364]
[855, 856, 1365]
[857, 858, 1365]
[859, 860, 1366]
[861, 862, 1366]
[863, 864, 1367]
[865, 866, 1367]
[867, 868, 1368]
[869, 870, 1368]
[871, 872, 1369]
[873, 874, 1369]
[875, 876, 1370]
[877, 878, 1370]
[879, 880, 1371]
[881, 882, 1371]
[883, 884, 1372]
[885, 886, 1372]
[887, 888, 1373]
[889, 890, 1373]
[891, 892, 1374]
[893, 894, 1374]
[895, 896, 1375]
[897, 898, 1375]
[899, 900, 1376]
[901, 902, 1376]
[903, 904, 1377]
[905, 906, 1377]
[907, 908, 1378]
[909, 910, 1378]
[911, 912, 1379]
[913, 914, 1379]
[915, 916, 1380]
[917, 918, 1380]
[919, 920, 1381]
[921, 922, 1381]
[923, 924, 1382]
[925, 926, 1382]
[927, 928, 1383]
[929, 930, 1383]
[931, 932, 1384]
[933, 934, 1384]
[935, 936, 1385]
[937, 938, 1385]
[939, 940, 1386]
[941, 942, 1386]
[943, 944, 1387]
[945, 946, 1387]
[947, 948, 1388]
[949, 950, 1388]
[951, 952, 1389]
[953, 954, 1389]
[955, 956, 1390]
[957, 958, 1390]
[959, 960, 1391]
[961, 962, 1391]
[963, 964, 1392]
[965, 966, 1392]
[967, 968, 1393]
[969, 970, 1393]
[971, 972, 1394]
[973, 974, 1394]
[975, 976, 1395]
[977, 978, 1395]
[979, 980, 1396]
[981, 982, 1396]
[983, 984, 1397]
[985, 986, 1397]
[987, 988, 1398]
[989, 990, 1398]
[991, 992, 1399]
[993, 994, 1399]
[995, 996, 1400]
[997, 998, 1400]
[999, 1000, 1401]
[1001, 1002, 1401]
[1003, 1004, 1402]
[1005, 1006, 1402]
[1007, 1008, 1403]
[1009, 1010, 1403]
[1011, 1012, 1404]
[1013, 1014, 1404]
[1015, 1016, 1405]
[1017, 1018, 1405]
[1019, 1020, 1406]
[1021, 1022, 1406]
[1023, 1024, 1407]
[1025, 1026, 1407]
[1027, 1028, 1408]
[1029, 1030, 1408]
[1031, 1032, 1409]
[1033, 1034, 1409]
[1035, 1036, 1410]
[1037, 1038, 1410]
[1039, 1040, 1411]
[1041, 1042, 1411]
[1043, 1044, 1412]
[1045, 1046, 1412]
[1047, 1048, 1413]
[1049, 1050, 1413]
[1051, 1052, 1414]
[1053, 1054, 1414]
[1055, 1056, 1415]
[1057, 1058, 1415]
[1059, 1060, 1416]
[1061, 1062, 1416]
[1063, 1064, 1417]
[1065, 1066, 1417]
[1067, 1068, 1418]
[1069, 1070, 1418]
[1071, 1072, 1419]
[1073, 1074, 1419]
[1075, 1076, 1420]
[1077, 1078, 1420]
[1079, 1080, 1421]
[1081, 1082, 1421]
[1083, 1084, 1422]
[1085, 1086, 1422]
[1087, 1088, 1423]
[1089, 1090, 1423]
[1091, 1092, 1424]
[1093, 1094, 1424]
[1095, 1096, 1425]
[1097, 1098, 1425]
[1099, 1100, 1426]
[1101, 1102, 1426]
[1103, 1104, 1427]
[1105, 1106, 1427]
[1107, 1108, 1428]
[1109, 1110, 1428]
[1111, 1112, 1429]
[1113, 1114, 1429]
[1115, 1116, 1430]
[1117, 1118, 1430]
[1119, 1120, 1431]
[1121, 1122, 1431]
[1123, 1124, 1432]
[1125, 1126, 1432]
[1127, 1128, 1433]
[1129, 1130, 1433]
[1131, 1132, 1434]
[1133, 1134, 1434]
[1135, 1136, 1435]
[1137, 1138, 1435]
[1139, 1140, 1436]
[1141, 1142, 1436]
[1143, 1144, 1437]
[1145, 1146, 1437]
[1147, 1148, 1438]
[1149, 1150, 1438]
[1151, 1152, 1439]
[1153, 1154, 1439]
[1155, 1156, 1440]
[1157, 1158, 1440]
[1159, 1160, 1441]
[1161, 1162, 1441]
[1163, 1164, 1442]
[1165, 1166, 1442]
[1167, 1168, 1443]
[1169, 1170, 1443]
[1171, 1172, 1444]
[1173, 1174, 1444]
[1175, 1176, 1445]
[1177, 1178, 1445]
[1179, 1180, 1446]
[1181, 1182, 1446]
[1183, 1184, 1447]
[1185, 1186, 1447]
[1187, 1188, 1448]
[1189, 1190, 1448]
[1191, 1192, 1449]
[1193, 1194, 1449]
[1195, 1196, 1450]
[1197, 1198, 1450]
[1199, 1200, 1451]
[1201, 1202, 1451]
[1203, 1204, 1452]
[1205, 1206, 1452]
[1207, 1208, 1453]
[1209, 1210, 1453]
[1211, 1212, 1454]
[1213, 1214, 1454]
[1215, 1216, 1455]
[1217, 1218, 1455]
[1219, 1220, 1456]
[1221, 1222, 1456]
[1223, 1224, 1457]
[1225, 1226, 1457]
[1227, 1228, 1458]
[1229, 1230, 1458]
[1231, 1232, 1459]
[1233, 1234, 1459]
[1235, 1236, 1460]
[1237, 1238, 1460]
[1239, 1240, 1461]
[1241, 1242, 1461]
[1243, 1244, 1462]
[1245, 1246, 1462]
[1247, 1248, 1463]
[1249, 1250, 1463]
[1251, 1252, 1464]
[1253, 1254, 1464]
[1255, 1256, 1465]
[1257, 1258, 1465]
[1259, 1260, 1466]
[1261, 1262, 1466]
[1263, 1264, 1467]
[1265, 1266, 1467]
[1267, 1268, 1468]
[1269, 1270, 1468]
[1271, 1272, 1469]
[1273, 1274, 1469]
[1275, 1276, 1470]
[1277, 1278, 1470]
[1279, 1280, 1471]
[1281, 1282, 1471]
[1283, 1284, 1472]
[1285, 1286, 1472]
[1287, 1288, 1473]
[1289, 1290, 1473]
[1291, 1292, 1474]
[1293, 1294, 1474]
[1295, 1296, 1475]
[1297, 1298, 1475]
[1299, 1300, 1476]
[1301, 1302, 1476]
[1303, 1304, 1477]
[1305, 1306, 1477]
[1307, 1308, 1478]
[1309, 1310, 1478]
[1311, 1312, 1479]
[1313, 1314, 1479]
[1315, 1316, 1480]
[1317, 1318, 1480]
[1319, 1320, 1481]
[1321, 1322, 1481]
[1323, 1324, 1482]
[1325, 1326, 1482]
[1327, 1328, 1483]
[1329, 1330, 1483]
[1331, 1332, 1484]
[1333, 1334, 1484]
[1335, 1336, 1485]
[1337, 1338, 1485]
[1339, 1340, 1486]
[1341, 1342, 1486]
[1343, 1344, 1487]
[1345, 1346, 1487]
[1347, 1348, 1488]
[1349, 1350, 1488]
[1351, 1352, 1489]
[1353, 1354, 1489]
[1355, 1356, 1490]
[1357, 1358, 1490]
[1359, 1360, 1491]
[1361, 1362, 1491]
[1363, 1364, 1492]
[1365, 1366, 1492]
[1367, 1368, 1493]
[1369, 1370, 1493]
[1371, 1372, 1494]
[1373, 1374, 1494]
[1375, 1376, 1495]
[1377, 1378, 1495]
[1379, 1380, 1496]
[1381, 1382, 1496]
[1383, 1384, 1497]
[1385, 1386, 1497]
[1387, 1388, 1498]
[1389, 1390, 1498]
[1391, 1392, 1499]
[1393, 1394, 1499]
[1395, 1396, 1500]
[1397, 1398, 1500]
[1399, 1400, 1501]
[1401, 1402, 1501]
[1403, 1404, 1502]
[1405, 1406, 1502]
[1407, 1408, 1503]
[1409, 1410, 1503]
[1411, 1412, 1504]
[1413, 1414, 1504]
[1415, 1416, 1505]
[1417, 1418, 1505]
[1419, 1420, 1506]
[1421, 1422, 1506]
[1423, 1424, 1507]
[1425, 1426, 1507]
[1427, 1428, 1508]
[1429, 1430, 1508]
[1431, 1432, 1509]
[1433, 1434, 1509]
[1435, 1436, 1510]
[1437, 1438, 1510]
[1439, 1440, 1511]
[1441, 1442, 1511]
[1443, 1444, 1512]
[1445, 1446, 1512]
[1447, 1448, 1513]
[1449, 1450, 1513]
[1451, 1452, 1514]
[1453, 1454, 1514]
[1455, 1456, 1515]
[1457, 1458, 1515]
[1459, 1460, 1516]
[1461, 1462, 1516]
[1463, 1464, 1517]
[1465, 1466, 1517]
[1467, 1468, 1518]
[1469, 1470, 1518]
[1471, 1472, 1519]
[1473, 1474, 1519]
[1475, 1476, 1520]
[1477, 1478, 1520]
[1479, 1480, 1521]
[1481, 1482, 1521]
[1483, 1484, 1522]
[1485, 1486, 1522]
[1487, 1488, 1523]
[1489, 1490, 1523]
[1491, 1492, 1524]
[1493, 1494, 1524]
[1495, 1496, 1525]
[1497, 1498, 1525]
[1499, 1500, 1526]
[1501, 1502, 1526]
[1503, 1504, 1527]
[1505, 1506, 1527]
[1507, 1508, 1528]
[1509, 1510, 1528]
[1511, 1512, 1529]
[1513, 1514, 1529]
[1515, 1516, 1530]
[1517, 1518, 1530]
[1519, 1520, 1531]
[1521, 1522, 1531]
[1523, 1524, 1532]
[1525, 1526, 1532]
[1527, 1528, 1533]
[1529, 1530, 1533]
[1531, 1532]
